%YAML:1.0
---
image_width: 1280
image_height: 720
camera_matrix: !!opencv-matrix
   rows: 3
   cols: 3
   dt: d
   data: [ 407.80484861445564, 0., 632.08699751056474, 0.,
       407.48737856426152, 359.71841305626737, 0., 0., 1. ]
fisheye_model: 1
distortion_coefficients: !!opencv-matrix
   rows: 1
   cols: 4
   dt: d
   data: [ 0.23363539987434842, 0.47554734377132096, -0.44703301123739236, 0.16168919680400098 ]