%YAML:1.0
---
extrinsics: !!opencv-matrix
   rows: 4
   cols: 4
   dt: f
   data: [0.646396,  -0.719798,   0.253108,  0.0338637,
          0.354572,  -0.0103562,  -0.934971, -0.0912221,
          0.675611,   0.694107,   0.248526, -0.0800445,
          0.0, 0.0, 0.0, 1.0]
